1 0.4140625 0.2646484375 0.44140625 0.30078125
1 0.5341796875 0.2958984375 0.53125 0.2373046875
1 0.5908203125 0.32421875 0.51953125 0.16796875
5 0.353515625 0.4677734375 0.1083984375 0.1025390625
5 0.2822265625 0.5322265625 0.1298828125 0.0888671875
5 0.453125 0.484375 0.1162109375 0.1005859375
5 0.4072265625 0.5498046875 0.1220703125 0.0908203125
13 0.7890625 0.4287109375 0.330078125 0.115234375
13 0.748046875 0.5517578125 0.34375 0.09765625
13 0.76953125 0.65234375 0.27734375 0.111328125
10 0.146484375 0.6279296875 0.171875 0.1171875
10 0.2880859375 0.6572265625 0.142578125 0.1044921875
10 0.1640625 0.744140625 0.1591796875 0.1357421875
10 0.330078125 0.763671875 0.166015625 0.1416015625