13 0.3623046875 0.2666015625 0.1474609375 0.2490234375
13 0.5302734375 0.23828125 0.1318359375 0.2529296875
13 0.6767578125 0.2626953125 0.1474609375 0.203125
15 0.26171875 0.4521484375 0.154296875 0.1201171875
15 0.396484375 0.4638671875 0.1337890625 0.1005859375
15 0.1982421875 0.541015625 0.13671875 0.1025390625
15 0.330078125 0.5693359375 0.1416015625 0.1064453125
1 0.658203125 0.6025390625 0.4345703125 0.244140625
1 0.67578125 0.5771484375 0.470703125 0.302734375
1 0.7919921875 0.578125 0.3486328125 0.30078125
14 0.328125 0.7734375 0.248046875 0.2587890625
6 0.6181640625 0.736328125 0.42578125 0.357421875