8 0.2939453125 0.2880859375 0.5517578125 0.4619140625
5 0.419921875 0.455078125 0.1025390625 0.099609375
5 0.525390625 0.4501953125 0.125 0.0869140625
5 0.5146484375 0.5263671875 0.1337890625 0.076171875
5 0.404296875 0.5478515625 0.1181640625 0.09765625
11 0.7294921875 0.3046875 0.44921875 0.2412109375
10 0.69140625 0.4697265625 0.146484375 0.1201171875
10 0.8359375 0.4912109375 0.171875 0.1064453125
10 0.6767578125 0.5712890625 0.1435546875 0.09765625
10 0.798828125 0.5908203125 0.1396484375 0.1298828125
2 0.640625 0.7109375 0.232421875 0.19140625
2 0.599609375 0.732421875 0.2099609375 0.1806640625
2 0.5517578125 0.771484375 0.1533203125 0.193359375
2 0.4951171875 0.7392578125 0.1279296875 0.1572265625
0 0.3037109375 0.703125 0.2001953125 0.1513671875
0 0.2119140625 0.8154296875 0.2578125 0.13671875