10 0.28515625 0.8427734375 0.20703125 0.1796875
10 0.275390625 0.6474609375 0.1796875 0.1728515625
10 0.1416015625 0.6162109375 0.208984375 0.150390625
10 0.1552734375 0.7373046875 0.2041015625 0.162109375
5 0.3544921875 0.4619140625 0.17578125 0.1396484375
5 0.2744140625 0.5322265625 0.162109375 0.09765625
5 0.3974609375 0.548828125 0.17578125 0.1328125
5 0.4345703125 0.4794921875 0.189453125 0.1328125
13 0.7744140625 0.42578125 0.4072265625 0.15625
13 0.72265625 0.546875 0.470703125 0.1474609375
13 0.7265625 0.650390625 0.4462890625 0.162109375
1 0.4208984375 0.2470703125 0.5078125 0.302734375
1 0.5302734375 0.27734375 0.5458984375 0.279296875
1 0.5693359375 0.2880859375 0.5009765625 0.26171875