4 0.2568359375 0.35546875 0.44921875 0.4482421875
5 0.3525390625 0.4638671875 0.115234375 0.1044921875
5 0.4609375 0.484375 0.111328125 0.099609375
5 0.2890625 0.53125 0.140625 0.08984375
5 0.416015625 0.55078125 0.1142578125 0.0966796875
10 0.1513671875 0.634765625 0.171875 0.12109375
10 0.298828125 0.658203125 0.1484375 0.1044921875
10 0.1806640625 0.755859375 0.1650390625 0.1376953125
10 0.3505859375 0.765625 0.16015625 0.12890625
11 0.7333984375 0.2802734375 0.46484375 0.2802734375
13 0.7900390625 0.466796875 0.330078125 0.107421875
13 0.748046875 0.595703125 0.3427734375 0.0986328125
13 0.779296875 0.7001953125 0.279296875 0.1162109375