13 0.38671875 0.26953125 0.1494140625 0.2099609375
13 0.5263671875 0.248046875 0.1337890625 0.26171875
13 0.6943359375 0.28515625 0.14453125 0.2509765625
10 0.40625 0.4794921875 0.15234375 0.1298828125
10 0.5166015625 0.5263671875 0.119140625 0.1025390625
10 0.427734375 0.61328125 0.1796875 0.0966796875
10 0.2978515625 0.537109375 0.1669921875 0.1220703125
1 0.7109375 0.693359375 0.2724609375 0.3740234375
1 0.7578125 0.6396484375 0.232421875 0.43359375
1 0.8427734375 0.6328125 0.1982421875 0.4296875
15 0.345703125 0.751953125 0.1669921875 0.1201171875
15 0.2216796875 0.798828125 0.1435546875 0.1240234375
15 0.349609375 0.8505859375 0.142578125 0.1044921875