4 0.7529296875 0.27734375 0.3427734375 0.4873046875
2 0.33984375 0.666015625 0.455078125 0.2138671875
2 0.3134765625 0.7236328125 0.4892578125 0.1591796875
2 0.40625 0.751953125 0.4541015625 0.2744140625
17 0.3623046875 0.1865234375 0.1484375 0.1162109375
17 0.2578125 0.251953125 0.1513671875 0.1298828125
17 0.3720703125 0.306640625 0.1494140625 0.1123046875
11 0.19921875 0.408203125 0.1513671875 0.1298828125
11 0.3154296875 0.431640625 0.150390625 0.0966796875
11 0.162109375 0.5068359375 0.171875 0.1005859375
11 0.3076171875 0.53125 0.15234375 0.1259765625
6 0.484375 0.4794921875 0.1318359375 0.08984375
6 0.6015625 0.470703125 0.125 0.0927734375
6 0.4638671875 0.552734375 0.125 0.0908203125
6 0.6083984375 0.5615234375 0.1240234375 0.09765625