4 0.3984375 0.2548828125 0.6748046875 0.2177734375
6 0.341796875 0.4658203125 0.1142578125 0.1083984375
6 0.4443359375 0.48828125 0.1171875 0.1064453125
6 0.2705078125 0.5341796875 0.13671875 0.0859375
6 0.3974609375 0.552734375 0.1240234375 0.09765625
14 0.7841796875 0.4248046875 0.345703125 0.1083984375
14 0.7451171875 0.55078125 0.3544921875 0.0986328125
14 0.7763671875 0.66015625 0.28515625 0.126953125
11 0.1328125 0.6337890625 0.1953125 0.1201171875
11 0.2724609375 0.6650390625 0.1552734375 0.1064453125
11 0.3212890625 0.771484375 0.16796875 0.13671875
11 0.15234375 0.7509765625 0.169921875 0.146484375