2 0.7177734375 0.5498046875 0.2197265625 0.5458984375
2 0.6845703125 0.578125 0.15625 0.490234375
2 0.7431640625 0.4208984375 0.29296875 0.4736328125
11 0.2587890625 0.1640625 0.134765625 0.166015625
11 0.375 0.1484375 0.111328125 0.16796875
11 0.345703125 0.287109375 0.099609375 0.1474609375
11 0.15234375 0.2978515625 0.1416015625 0.15625
6 0.470703125 0.330078125 0.0986328125 0.119140625
6 0.541015625 0.41015625 0.0986328125 0.1103515625
6 0.45703125 0.4658203125 0.076171875 0.13671875
6 0.525390625 0.517578125 0.0849609375 0.1298828125
14 0.3466796875 0.7763671875 0.1142578125 0.28125
14 0.4462890625 0.751953125 0.1025390625 0.3505859375
14 0.5771484375 0.8017578125 0.1083984375 0.3291015625