4 0.2568359375 0.35546875 0.44921875 0.4482421875
12 0.7333984375 0.2802734375 0.46484375 0.2802734375
6 0.353515625 0.46484375 0.109375 0.1103515625
6 0.4580078125 0.482421875 0.1123046875 0.1025390625
6 0.2861328125 0.5302734375 0.1435546875 0.0947265625
6 0.4140625 0.5517578125 0.1181640625 0.103515625
11 0.1533203125 0.6357421875 0.1806640625 0.1201171875
11 0.298828125 0.6591796875 0.1572265625 0.1103515625
11 0.349609375 0.7666015625 0.177734375 0.1328125
11 0.1787109375 0.7490234375 0.17578125 0.1484375
14 0.783203125 0.4677734375 0.3564453125 0.115234375
14 0.7451171875 0.595703125 0.3408203125 0.099609375
14 0.78125 0.701171875 0.2724609375 0.125