4 0.2626953125 0.375 0.451171875 0.4521484375
12 0.716796875 0.291015625 0.474609375 0.2802734375
6 0.35546875 0.478515625 0.1083984375 0.1005859375
6 0.4580078125 0.4931640625 0.115234375 0.1044921875
6 0.29296875 0.544921875 0.138671875 0.091796875
6 0.41796875 0.5595703125 0.1142578125 0.0947265625
11 0.166015625 0.6533203125 0.1708984375 0.1083984375
11 0.306640625 0.6689453125 0.1455078125 0.1025390625
11 0.361328125 0.771484375 0.162109375 0.1318359375
11 0.1904296875 0.7626953125 0.1591796875 0.1357421875
14 0.775390625 0.474609375 0.3193359375 0.099609375
14 0.740234375 0.5966796875 0.328125 0.095703125
14 0.767578125 0.697265625 0.2685546875 0.115234375