4 0.7529296875 0.27734375 0.3427734375 0.4873046875
2 0.33984375 0.666015625 0.455078125 0.2138671875
2 0.3134765625 0.7236328125 0.4892578125 0.1591796875
2 0.40625 0.751953125 0.4541015625 0.2744140625
17 0.34375 0.17578125 0.1416015625 0.1171875
17 0.2333984375 0.2392578125 0.1630859375 0.1298828125
17 0.3544921875 0.296875 0.158203125 0.115234375
11 0.1796875 0.4013671875 0.15625 0.134765625
11 0.2998046875 0.423828125 0.1484375 0.099609375
11 0.2919921875 0.5234375 0.154296875 0.125
11 0.1494140625 0.498046875 0.1767578125 0.107421875
6 0.4697265625 0.46875 0.12890625 0.091796875
6 0.5888671875 0.455078125 0.1201171875 0.107421875
6 0.591796875 0.5458984375 0.130859375 0.099609375
6 0.453125 0.541015625 0.1337890625 0.095703125
3 0.5 0.2802734375 0.1162109375 0.248046875
3 0.5576171875 0.275390625 0.0947265625 0.2255859375
3 0.6083984375 0.32421875 0.0849609375 0.142578125
3 0.6318359375 0.2587890625 0.1591796875 0.2080078125