12 0.7880859375 0.6982421875 0.30859375 0.376953125
6 0.599609375 0.4345703125 0.134765625 0.1015625
6 0.599609375 0.5205078125 0.138671875 0.111328125
6 0.4560546875 0.517578125 0.125 0.09765625
6 0.4697265625 0.4453125 0.150390625 0.11328125
3 0.509765625 0.2568359375 0.12109375 0.2470703125
3 0.56640625 0.255859375 0.103515625 0.2392578125
3 0.642578125 0.240234375 0.16796875 0.21875
4 0.7705078125 0.2548828125 0.4033203125 0.490234375
11 0.181640625 0.3779296875 0.1708984375 0.1376953125
11 0.3046875 0.412109375 0.1689453125 0.1298828125
11 0.154296875 0.4765625 0.208984375 0.1259765625
11 0.2900390625 0.5 0.16796875 0.1494140625
2 0.3984375 0.728515625 0.4833984375 0.28515625
2 0.353515625 0.681640625 0.5712890625 0.2119140625
2 0.36328125 0.6328125 0.5087890625 0.224609375
17 0.34765625 0.1552734375 0.1357421875 0.1083984375
17 0.2431640625 0.2216796875 0.1611328125 0.130859375
17 0.3544921875 0.2724609375 0.154296875 0.11328125