4 0.2421875 0.40234375 0.3720703125 0.466796875
9 0.6923828125 0.2919921875 0.5126953125 0.28515625
6 0.3466796875 0.4755859375 0.115234375 0.10546875
6 0.443359375 0.4931640625 0.111328125 0.1044921875
6 0.4013671875 0.5537109375 0.1123046875 0.0966796875
6 0.2880859375 0.544921875 0.1376953125 0.0849609375
17 0.2822265625 0.6748046875 0.15234375 0.1240234375
17 0.2177734375 0.78125 0.1669921875 0.126953125
17 0.3642578125 0.75390625 0.142578125 0.125
17 0.326171875 0.849609375 0.14453125 0.11328125
14 0.7548828125 0.4833984375 0.3388671875 0.1083984375
14 0.7216796875 0.6064453125 0.3486328125 0.0986328125
14 0.75 0.705078125 0.283203125 0.119140625