13 0.4345703125 0.7236328125 0.4921875 0.21484375
4 0.75 0.2568359375 0.341796875 0.484375
17 0.3388671875 0.166015625 0.1533203125 0.1171875
17 0.2333984375 0.23046875 0.1552734375 0.138671875
17 0.3505859375 0.283203125 0.1494140625 0.1171875
3 0.4970703125 0.2705078125 0.1044921875 0.2353515625
3 0.5498046875 0.2685546875 0.10546875 0.23046875
3 0.5986328125 0.3046875 0.078125 0.1552734375
3 0.6259765625 0.2509765625 0.15234375 0.2041015625
11 0.1865234375 0.388671875 0.1474609375 0.126953125
11 0.2939453125 0.41015625 0.140625 0.1005859375
11 0.2880859375 0.5107421875 0.1474609375 0.123046875
11 0.1484375 0.4814453125 0.197265625 0.11328125
6 0.4658203125 0.4521484375 0.125 0.091796875
6 0.4482421875 0.5283203125 0.12109375 0.0908203125
6 0.5869140625 0.5244140625 0.126953125 0.095703125
6 0.583984375 0.443359375 0.1142578125 0.091796875