4 0.7529296875 0.27734375 0.3427734375 0.4873046875
2 0.33984375 0.666015625 0.455078125 0.2138671875
2 0.3134765625 0.7236328125 0.4892578125 0.1591796875
2 0.40625 0.751953125 0.4541015625 0.2744140625
17 0.33984375 0.1796875 0.146484375 0.1181640625
17 0.2333984375 0.244140625 0.16796875 0.130859375
17 0.3486328125 0.296875 0.15234375 0.1181640625
3 0.50390625 0.2822265625 0.1181640625 0.2421875
3 0.5498046875 0.28125 0.1025390625 0.2314453125
3 0.6044921875 0.32421875 0.083984375 0.146484375
3 0.630859375 0.2607421875 0.15234375 0.212890625
11 0.1787109375 0.4052734375 0.158203125 0.13671875
11 0.294921875 0.427734375 0.142578125 0.09375
11 0.146484375 0.501953125 0.1796875 0.1064453125
11 0.29296875 0.5283203125 0.1474609375 0.1220703125
6 0.4765625 0.47265625 0.1328125 0.09375
6 0.5849609375 0.4560546875 0.1259765625 0.1025390625
6 0.5888671875 0.548828125 0.115234375 0.095703125
6 0.44921875 0.544921875 0.1357421875 0.0869140625