4 0.7529296875 0.27734375 0.3427734375 0.4873046875
2 0.33984375 0.666015625 0.455078125 0.2138671875
2 0.3134765625 0.7236328125 0.4892578125 0.1591796875
2 0.40625 0.751953125 0.4541015625 0.2744140625
12 0.7861328125 0.712890625 0.2841796875 0.390625
17 0.337890625 0.1748046875 0.1416015625 0.119140625
17 0.2333984375 0.2412109375 0.154296875 0.1279296875
17 0.349609375 0.294921875 0.150390625 0.1201171875
3 0.5048828125 0.275390625 0.1201171875 0.2412109375
3 0.5517578125 0.2724609375 0.1025390625 0.2294921875
3 0.6005859375 0.310546875 0.0830078125 0.142578125
3 0.626953125 0.2548828125 0.15625 0.205078125
11 0.18359375 0.4013671875 0.1513671875 0.1298828125
11 0.3037109375 0.423828125 0.1484375 0.095703125
11 0.14453125 0.498046875 0.185546875 0.1044921875
11 0.29296875 0.5224609375 0.138671875 0.1240234375
6 0.470703125 0.4638671875 0.126953125 0.0888671875
6 0.5849609375 0.4501953125 0.126953125 0.095703125
6 0.453125 0.53515625 0.1220703125 0.087890625
6 0.58984375 0.5380859375 0.1171875 0.1005859375