14 0.38671875 0.2705078125 0.1484375 0.2080078125
14 0.52734375 0.2451171875 0.1259765625 0.255859375
14 0.697265625 0.28515625 0.146484375 0.2548828125
11 0.4072265625 0.48046875 0.150390625 0.125
11 0.2998046875 0.5390625 0.173828125 0.1171875
11 0.5166015625 0.5263671875 0.123046875 0.103515625
11 0.42578125 0.6103515625 0.1767578125 0.08984375
17 0.3466796875 0.751953125 0.1591796875 0.1240234375
17 0.2265625 0.80078125 0.140625 0.1240234375
17 0.353515625 0.8505859375 0.1435546875 0.1083984375
2 0.7138671875 0.6884765625 0.279296875 0.3740234375
2 0.7646484375 0.646484375 0.2412109375 0.4365234375
2 0.8505859375 0.6337890625 0.2109375 0.4306640625