4 0.2666015625 0.3701171875 0.4287109375 0.4404296875
12 0.7294921875 0.2880859375 0.45703125 0.2666015625
6 0.4619140625 0.486328125 0.109375 0.1044921875
6 0.4208984375 0.560546875 0.12109375 0.095703125
6 0.359375 0.47265625 0.1123046875 0.1083984375
6 0.3017578125 0.5400390625 0.1435546875 0.0966796875
17 0.2802734375 0.6904296875 0.1650390625 0.1279296875
17 0.2314453125 0.802734375 0.171875 0.1357421875
17 0.369140625 0.7646484375 0.1416015625 0.111328125
14 0.7783203125 0.47265625 0.34765625 0.107421875
14 0.74609375 0.6025390625 0.341796875 0.099609375
14 0.783203125 0.705078125 0.2646484375 0.1142578125