4 0.2509765625 0.76953125 0.345703125 0.4609375
2 0.7158203125 0.298828125 0.4287109375 0.2294921875
2 0.767578125 0.349609375 0.46484375 0.185546875
2 0.7421875 0.404296875 0.4208984375 0.2158203125
17 0.2861328125 0.326171875 0.443359375 0.384765625
6 0.5302734375 0.5615234375 0.1279296875 0.0830078125
6 0.404296875 0.5908203125 0.109375 0.095703125
6 0.51171875 0.4541015625 0.103515625 0.0986328125
6 0.607421875 0.4580078125 0.099609375 0.1025390625
3 0.369140625 0.7802734375 0.15625 0.208984375
3 0.392578125 0.724609375 0.0966796875 0.1455078125
3 0.447265625 0.7685546875 0.1025390625 0.2197265625
3 0.5029296875 0.759765625 0.1142578125 0.23046875
17 0.642578125 0.7412109375 0.1474609375 0.11328125
17 0.755859375 0.791015625 0.1455078125 0.1240234375
17 0.658203125 0.853515625 0.140625 0.111328125
11 0.685546875 0.6162109375 0.1298828125 0.09765625
11 0.796875 0.630859375 0.140625 0.126953125
11 0.83203125 0.5361328125 0.162109375 0.103515625
11 0.693359375 0.513671875 0.1337890625 0.1142578125