17 0.294921875 0.236328125 0.296875 0.1826171875
17 0.3642578125 0.1796875 0.171875 0.1533203125
17 0.37109375 0.2958984375 0.19921875 0.16015625
3 0.5341796875 0.2890625 0.1142578125 0.2373046875
3 0.5791015625 0.287109375 0.099609375 0.2265625
3 0.6259765625 0.3232421875 0.0830078125 0.1640625
3 0.6630859375 0.26953125 0.1396484375 0.2060546875
4 0.78125 0.2666015625 0.34375 0.478515625
6 0.666015625 0.4560546875 0.1337890625 0.078125
6 0.57421875 0.4873046875 0.1162109375 0.0869140625
6 0.5380859375 0.556640625 0.1083984375 0.1083984375
6 0.638671875 0.5576171875 0.10546875 0.099609375
0 0.7265625 0.7080078125 0.4375 0.380859375
11 0.2099609375 0.447265625 0.1435546875 0.1298828125
11 0.33203125 0.46484375 0.142578125 0.09375
11 0.3701171875 0.5615234375 0.1357421875 0.1259765625
11 0.228515625 0.5546875 0.1669921875 0.11328125
13 0.2763671875 0.744140625 0.4833984375 0.2197265625