14 0.3525390625 0.2578125 0.1494140625 0.2587890625
14 0.5234375 0.2373046875 0.1396484375 0.2734375
14 0.6748046875 0.2666015625 0.1572265625 0.2158203125
17 0.2470703125 0.4501953125 0.1650390625 0.1318359375
17 0.38671875 0.4599609375 0.13671875 0.1083984375
17 0.1826171875 0.537109375 0.1513671875 0.1142578125
17 0.3173828125 0.568359375 0.1630859375 0.1162109375
16 0.3076171875 0.7734375 0.2548828125 0.2578125
0 0.607421875 0.7451171875 0.4375 0.3671875
2 0.6591796875 0.609375 0.4677734375 0.2509765625
2 0.6728515625 0.580078125 0.46484375 0.3134765625
2 0.783203125 0.578125 0.3515625 0.310546875