4 0.2392578125 0.7197265625 0.416015625 0.498046875
10 0.314453125 0.25390625 0.5673828125 0.4853515625
12 0.7177734375 0.3037109375 0.5205078125 0.2861328125
11 0.6728515625 0.478515625 0.15234375 0.166015625
11 0.8291015625 0.51171875 0.1875 0.1396484375
11 0.7880859375 0.599609375 0.173828125 0.1650390625
11 0.673828125 0.5791015625 0.15234375 0.1201171875
4 0.21875 0.72265625 0.4111328125 0.5009765625
3 0.4140625 0.7197265625 0.123046875 0.25390625
3 0.4765625 0.7236328125 0.1298828125 0.267578125
3 0.365234375 0.724609375 0.2158203125 0.2470703125
3 0.3984375 0.71875 0.1484375 0.2353515625
6 0.4228515625 0.4638671875 0.107421875 0.1005859375
6 0.5244140625 0.45703125 0.134765625 0.08984375
6 0.5126953125 0.5302734375 0.1279296875 0.0751953125
6 0.388671875 0.544921875 0.119140625 0.0947265625
17 0.62890625 0.705078125 0.1474609375 0.1123046875
17 0.748046875 0.7587890625 0.1484375 0.123046875
17 0.6376953125 0.8212890625 0.134765625 0.1201171875