10 0.318359375 0.2841796875 0.5849609375 0.4326171875
13 0.751953125 0.2880859375 0.4775390625 0.34765625
4 0.23046875 0.7265625 0.40625 0.5
11 0.6767578125 0.4853515625 0.1416015625 0.16015625
11 0.66796875 0.5830078125 0.169921875 0.12109375
11 0.7724609375 0.59765625 0.177734375 0.1494140625
11 0.80859375 0.5126953125 0.2138671875 0.1328125
3 0.3544921875 0.732421875 0.181640625 0.220703125
3 0.41015625 0.701171875 0.19921875 0.240234375
3 0.4296875 0.728515625 0.1240234375 0.2607421875
3 0.4755859375 0.728515625 0.123046875 0.2626953125
4 0.2333984375 0.73828125 0.3720703125 0.509765625
6 0.50390625 0.4228515625 0.10546875 0.0966796875
6 0.599609375 0.4267578125 0.1025390625 0.1005859375
6 0.3896484375 0.5478515625 0.111328125 0.09765625
6 0.513671875 0.5244140625 0.1259765625 0.0869140625
17 0.62109375 0.7060546875 0.1484375 0.107421875
17 0.7333984375 0.755859375 0.1455078125 0.1162109375
17 0.6328125 0.818359375 0.154296875 0.1103515625