2 0.4208984375 0.2470703125 0.5078125 0.302734375
2 0.5302734375 0.27734375 0.5458984375 0.279296875
2 0.5693359375 0.2880859375 0.5009765625 0.26171875
6 0.34765625 0.46484375 0.1103515625 0.1005859375
6 0.4482421875 0.484375 0.1181640625 0.10546875
6 0.2763671875 0.529296875 0.1279296875 0.0888671875
6 0.3994140625 0.548828125 0.12109375 0.0908203125
14 0.7763671875 0.4287109375 0.330078125 0.11328125
14 0.732421875 0.552734375 0.34765625 0.0986328125
14 0.7568359375 0.6513671875 0.2861328125 0.1220703125
11 0.142578125 0.623046875 0.16796875 0.1181640625
11 0.283203125 0.65234375 0.1494140625 0.1044921875
11 0.15625 0.734375 0.1611328125 0.1337890625
11 0.2880859375 0.8447265625 0.1572265625 0.1328125