14 0.2294921875 0.30859375 0.2724609375 0.1220703125
14 0.2724609375 0.4111328125 0.330078125 0.09765625
14 0.2431640625 0.5361328125 0.3349609375 0.109375
3 0.515625 0.2841796875 0.1337890625 0.2353515625
3 0.5673828125 0.2861328125 0.08984375 0.2294921875
3 0.5986328125 0.31640625 0.08203125 0.158203125
3 0.646484375 0.265625 0.134765625 0.2177734375
4 0.7705078125 0.2568359375 0.33984375 0.4580078125
6 0.6650390625 0.44140625 0.1259765625 0.0830078125
6 0.5673828125 0.4755859375 0.1162109375 0.0888671875
6 0.5341796875 0.5478515625 0.10546875 0.0966796875
6 0.6328125 0.5458984375 0.1044921875 0.0986328125
13 0.2744140625 0.7373046875 0.4697265625 0.212890625
0 0.7275390625 0.701171875 0.44140625 0.380859375