4 0.251953125 0.3662109375 0.4521484375 0.4326171875
13 0.7177734375 0.2158203125 0.50390625 0.3466796875
14 0.767578125 0.486328125 0.3330078125 0.109375
14 0.724609375 0.611328125 0.34375 0.1025390625
14 0.755859375 0.7119140625 0.283203125 0.1162109375
11 0.1376953125 0.6396484375 0.17578125 0.1142578125
11 0.28125 0.6650390625 0.1484375 0.1015625
11 0.162109375 0.755859375 0.1689453125 0.1376953125
11 0.326171875 0.7685546875 0.166015625 0.1318359375
6 0.3349609375 0.4755859375 0.119140625 0.1083984375
6 0.4365234375 0.4892578125 0.1064453125 0.1025390625
6 0.27734375 0.5361328125 0.146484375 0.0966796875
6 0.3935546875 0.5595703125 0.1181640625 0.1064453125