14 0.3603515625 0.2685546875 0.142578125 0.2548828125
14 0.52734375 0.23828125 0.119140625 0.2548828125
14 0.6748046875 0.265625 0.15625 0.2060546875
17 0.2568359375 0.462890625 0.162109375 0.1279296875
17 0.3994140625 0.4697265625 0.1376953125 0.11328125
17 0.1923828125 0.55078125 0.146484375 0.1083984375
17 0.326171875 0.58203125 0.154296875 0.1142578125
16 0.32421875 0.7880859375 0.2548828125 0.2607421875
2 0.806640625 0.583984375 0.34765625 0.306640625
2 0.6875 0.5849609375 0.4638671875 0.3017578125
2 0.65625 0.6142578125 0.44921875 0.2451171875
0 0.6279296875 0.7587890625 0.427734375 0.3671875