4 0.3896484375 0.255859375 0.666015625 0.2197265625
6 0.3388671875 0.4677734375 0.1044921875 0.103515625
6 0.4423828125 0.48828125 0.1171875 0.1005859375
6 0.3974609375 0.556640625 0.1201171875 0.1064453125
6 0.2705078125 0.5341796875 0.1474609375 0.0947265625
11 0.12890625 0.6328125 0.17578125 0.1201171875
11 0.2802734375 0.66015625 0.16015625 0.10546875
11 0.3251953125 0.771484375 0.1748046875 0.1396484375
11 0.1533203125 0.751953125 0.17578125 0.1416015625
14 0.783203125 0.42578125 0.3310546875 0.1103515625
14 0.7431640625 0.5517578125 0.3447265625 0.10546875
14 0.771484375 0.654296875 0.291015625 0.119140625