10 0.326171875 0.2822265625 0.56640625 0.43359375
12 0.7333984375 0.3232421875 0.453125 0.2392578125
4 0.23828125 0.734375 0.3330078125 0.4765625
3 0.3583984375 0.751953125 0.1455078125 0.2109375
3 0.3837890625 0.6826171875 0.0908203125 0.140625
3 0.4404296875 0.7333984375 0.109375 0.2373046875
3 0.4853515625 0.7333984375 0.1103515625 0.2509765625
6 0.400390625 0.556640625 0.111328125 0.09765625
6 0.4228515625 0.46875 0.1005859375 0.0947265625
6 0.533203125 0.4638671875 0.1318359375 0.091796875
6 0.5185546875 0.537109375 0.130859375 0.078125
11 0.6953125 0.4873046875 0.1455078125 0.1259765625
11 0.84375 0.509765625 0.1865234375 0.10546875
11 0.80859375 0.609375 0.1494140625 0.12890625
11 0.6865234375 0.58203125 0.13671875 0.091796875
17 0.638671875 0.7119140625 0.1484375 0.119140625
17 0.755859375 0.765625 0.1533203125 0.134765625
17 0.64453125 0.8310546875 0.1396484375 0.1171875