0 0.333984375 0.197265625 0.2353515625 0.1376953125
0 0.349609375 0.326171875 0.26171875 0.134765625
2 0.671875 0.2724609375 0.20703125 0.1806640625
2 0.728515625 0.26953125 0.20703125 0.185546875
2 0.7548828125 0.2451171875 0.2080078125 0.2177734375
10 0.5517578125 0.4599609375 0.1533203125 0.1298828125
11 0.32421875 0.568359375 0.474609375 0.294921875
5 0.6982421875 0.505859375 0.1123046875 0.09765625
5 0.796875 0.5185546875 0.1328125 0.095703125
5 0.7919921875 0.595703125 0.1328125 0.0810546875
5 0.6796875 0.5869140625 0.1240234375 0.08984375
8 0.5146484375 0.7919921875 0.6962890625 0.1982421875