3 0.2138671875 0.310546875 0.423828125 0.376953125
7 0.7001953125 0.255859375 0.5068359375 0.27734375
13 0.76953125 0.462890625 0.341796875 0.109375
13 0.7216796875 0.587890625 0.3359375 0.1025390625
13 0.748046875 0.693359375 0.2783203125 0.11328125
5 0.3603515625 0.44140625 0.11328125 0.1025390625
5 0.4619140625 0.462890625 0.109375 0.1025390625
5 0.2978515625 0.52734375 0.1240234375 0.1005859375
5 0.4013671875 0.53125 0.1162109375 0.099609375
15 0.2861328125 0.6318359375 0.1591796875 0.1220703125
15 0.4033203125 0.677734375 0.138671875 0.1123046875
15 0.4638671875 0.765625 0.138671875 0.1123046875
15 0.28125 0.740234375 0.16796875 0.1240234375
4 0.2041015625 0.759765625 0.353515625 0.48046875