13 0.2109375 0.3115234375 0.279296875 0.1220703125
13 0.2529296875 0.4189453125 0.3447265625 0.103515625
13 0.2255859375 0.5498046875 0.3544921875 0.103515625
2 0.4794921875 0.296875 0.1181640625 0.216796875
2 0.529296875 0.2841796875 0.109375 0.236328125
2 0.6064453125 0.3173828125 0.10546875 0.16796875
2 0.64453125 0.267578125 0.15625 0.20703125
4 0.7783203125 0.26171875 0.3515625 0.490234375
5 0.5546875 0.4853515625 0.107421875 0.099609375
5 0.666015625 0.4716796875 0.1376953125 0.083984375
5 0.4951171875 0.5517578125 0.1044921875 0.1015625
5 0.5947265625 0.572265625 0.1123046875 0.1015625
3 0.7431640625 0.7197265625 0.4267578125 0.384765625
11 0.2724609375 0.7197265625 0.44140625 0.193359375