4 0.27734375 0.353515625 0.4638671875 0.4306640625
5 0.357421875 0.462890625 0.1123046875 0.103515625
5 0.4599609375 0.4833984375 0.11328125 0.1044921875
5 0.2919921875 0.52734375 0.1337890625 0.095703125
5 0.4169921875 0.5478515625 0.12890625 0.095703125
15 0.2890625 0.669921875 0.1650390625 0.1220703125
15 0.3681640625 0.74609375 0.1435546875 0.1162109375
15 0.2255859375 0.7734375 0.1826171875 0.130859375
15 0.33203125 0.8505859375 0.16015625 0.1171875
11 0.7373046875 0.2890625 0.46484375 0.2861328125
13 0.7880859375 0.4765625 0.349609375 0.107421875
13 0.7412109375 0.603515625 0.3427734375 0.095703125
13 0.76953125 0.7041015625 0.2861328125 0.12109375