12 0.2958984375 0.326171875 0.435546875 0.3818359375
1 0.73046875 0.279296875 0.427734375 0.2265625
1 0.7744140625 0.33203125 0.4501953125 0.17578125
1 0.759765625 0.3876953125 0.427734375 0.2265625
5 0.5244140625 0.4443359375 0.111328125 0.0986328125
5 0.625 0.4462890625 0.103515625 0.09765625
5 0.54296875 0.548828125 0.1240234375 0.080078125
5 0.4208984375 0.583984375 0.11328125 0.091796875
10 0.708984375 0.5048828125 0.142578125 0.1240234375
10 0.8486328125 0.5224609375 0.1689453125 0.1025390625
10 0.7041015625 0.6044921875 0.1474609375 0.0927734375
10 0.8203125 0.6220703125 0.1416015625 0.1220703125
15 0.6650390625 0.7294921875 0.1455078125 0.1123046875
15 0.7822265625 0.775390625 0.1396484375 0.1240234375
15 0.677734375 0.8427734375 0.1328125 0.111328125
2 0.513671875 0.75 0.1259765625 0.232421875
2 0.462890625 0.755859375 0.1142578125 0.2197265625
2 0.4169921875 0.7138671875 0.095703125 0.138671875
2 0.3984375 0.771484375 0.177734375 0.1962890625
4 0.2744140625 0.7646484375 0.3486328125 0.4599609375