12 0.2626953125 0.7099609375 0.525390625 0.291015625
3 0.724609375 0.6787109375 0.5146484375 0.4345703125
5 0.611328125 0.5205078125 0.150390625 0.1318359375
5 0.58984375 0.4345703125 0.17578125 0.140625
5 0.4951171875 0.4404296875 0.1611328125 0.130859375
5 0.478515625 0.515625 0.1826171875 0.123046875
10 0.171875 0.4638671875 0.232421875 0.1591796875
10 0.31640625 0.5 0.2119140625 0.1474609375
10 0.2099609375 0.3818359375 0.2216796875 0.1748046875
10 0.3271484375 0.3984375 0.203125 0.0927734375
15 0.2548828125 0.2236328125 0.189453125 0.1767578125
15 0.388671875 0.1533203125 0.2294921875 0.1318359375
15 0.373046875 0.275390625 0.1748046875 0.1376953125
2 0.533203125 0.2568359375 0.13671875 0.2685546875
2 0.607421875 0.255859375 0.1787109375 0.244140625
2 0.6455078125 0.2548828125 0.2099609375 0.2568359375
4 0.7646484375 0.2548828125 0.412109375 0.4892578125