15 0.6435546875 0.7392578125 0.1455078125 0.109375
15 0.7587890625 0.7880859375 0.15234375 0.1220703125
15 0.6572265625 0.8544921875 0.138671875 0.1171875
10 0.6845703125 0.615234375 0.1279296875 0.095703125
10 0.7998046875 0.634765625 0.130859375 0.1201171875
10 0.8330078125 0.537109375 0.16015625 0.103515625
10 0.69140625 0.517578125 0.13671875 0.111328125
4 0.2509765625 0.76953125 0.345703125 0.4609375
2 0.3642578125 0.775390625 0.1474609375 0.208984375
2 0.3974609375 0.724609375 0.0966796875 0.134765625
2 0.4443359375 0.765625 0.1005859375 0.2197265625
2 0.49609375 0.7587890625 0.1171875 0.2294921875
5 0.404296875 0.591796875 0.1181640625 0.0966796875
5 0.52734375 0.5625 0.123046875 0.080078125
5 0.5126953125 0.4580078125 0.111328125 0.0986328125
5 0.6103515625 0.45703125 0.1064453125 0.091796875
1 0.7158203125 0.298828125 0.4287109375 0.2294921875
1 0.767578125 0.349609375 0.46484375 0.185546875
1 0.7431640625 0.400390625 0.41796875 0.2177734375
12 0.28125 0.3310546875 0.4453125 0.3828125