3 0.220703125 0.3154296875 0.431640625 0.373046875
7 0.7001953125 0.2587890625 0.4931640625 0.2744140625
13 0.7724609375 0.4521484375 0.318359375 0.099609375
13 0.7392578125 0.578125 0.3251953125 0.099609375
13 0.7666015625 0.67578125 0.2666015625 0.1162109375
5 0.3759765625 0.447265625 0.1064453125 0.09765625
5 0.47265625 0.4619140625 0.099609375 0.103515625
5 0.3173828125 0.5302734375 0.1181640625 0.08984375
5 0.4189453125 0.5302734375 0.1201171875 0.09765625
15 0.3115234375 0.62890625 0.1533203125 0.11328125
15 0.427734375 0.6708984375 0.1337890625 0.109375
15 0.4912109375 0.7578125 0.1328125 0.1142578125
15 0.3115234375 0.7373046875 0.162109375 0.125
4 0.2265625 0.7587890625 0.33203125 0.4736328125