13 0.189453125 0.3203125 0.271484375 0.1259765625
13 0.2421875 0.4248046875 0.3388671875 0.107421875
13 0.2197265625 0.552734375 0.3359375 0.109375
2 0.45703125 0.2939453125 0.1298828125 0.2138671875
2 0.501953125 0.2763671875 0.1142578125 0.23828125
2 0.58203125 0.3125 0.1064453125 0.15625
2 0.6171875 0.2578125 0.158203125 0.20703125
4 0.74609375 0.2490234375 0.3681640625 0.4755859375
5 0.6474609375 0.4599609375 0.126953125 0.083984375
5 0.5419921875 0.4775390625 0.1083984375 0.0986328125
5 0.4853515625 0.544921875 0.1025390625 0.0966796875
5 0.5849609375 0.5634765625 0.1103515625 0.1005859375
3 0.7421875 0.697265625 0.3984375 0.3662109375
7 0.29296875 0.7509765625 0.50390625 0.28515625