8 0.2919921875 0.2802734375 0.5654296875 0.4697265625
5 0.4189453125 0.455078125 0.109375 0.1005859375
5 0.53125 0.44921875 0.1259765625 0.09765625
5 0.4033203125 0.548828125 0.1171875 0.1015625
5 0.517578125 0.5283203125 0.1357421875 0.0810546875
11 0.7412109375 0.2978515625 0.466796875 0.248046875
10 0.7021484375 0.4716796875 0.146484375 0.126953125
10 0.857421875 0.494140625 0.1767578125 0.1083984375
10 0.69140625 0.576171875 0.1474609375 0.09765625
10 0.822265625 0.5986328125 0.1513671875 0.1337890625
2 0.6484375 0.7236328125 0.248046875 0.2041015625
2 0.603515625 0.7451171875 0.2080078125 0.185546875
2 0.5634765625 0.7861328125 0.1591796875 0.201171875
2 0.5 0.7490234375 0.1328125 0.158203125
0 0.302734375 0.71484375 0.2021484375 0.16015625
0 0.2041015625 0.8310546875 0.26171875 0.140625