5 0.427734375 0.1240234375 0.0830078125 0.1142578125
5 0.5107421875 0.0986328125 0.0830078125 0.123046875
5 0.5302734375 0.2119140625 0.0869140625 0.1201171875
5 0.44921875 0.228515625 0.0810546875 0.1142578125
15 0.158203125 0.54296875 0.1171875 0.1513671875
15 0.22265625 0.4501953125 0.1162109375 0.1494140625
15 0.3173828125 0.50390625 0.1064453125 0.1533203125
10 0.3974609375 0.462890625 0.09375 0.173828125
10 0.46484375 0.36328125 0.1279296875 0.1376953125
10 0.5546875 0.4521484375 0.1015625 0.166015625
10 0.49609375 0.564453125 0.0849609375 0.1337890625
13 0.734375 0.3896484375 0.20703125 0.158203125
13 0.7578125 0.5263671875 0.25390625 0.126953125
13 0.7158203125 0.6884765625 0.24609375 0.1435546875
1 0.330078125 0.7294921875 0.3564453125 0.3173828125
1 0.3876953125 0.8330078125 0.40625 0.1982421875
1 0.384765625 0.78125 0.392578125 0.291015625