5 0.4443359375 0.150390625 0.0810546875 0.119140625
5 0.5244140625 0.119140625 0.0908203125 0.125
5 0.5419921875 0.23046875 0.08984375 0.107421875
5 0.462890625 0.25390625 0.08984375 0.1103515625
13 0.748046875 0.40234375 0.19921875 0.154296875
13 0.7724609375 0.5380859375 0.2509765625 0.1298828125
13 0.7333984375 0.7001953125 0.2490234375 0.142578125
15 0.2431640625 0.470703125 0.11328125 0.1513671875
15 0.3388671875 0.5224609375 0.099609375 0.154296875
15 0.181640625 0.560546875 0.1123046875 0.1318359375
10 0.416015625 0.484375 0.09375 0.1748046875
10 0.48046875 0.3818359375 0.12890625 0.1416015625
10 0.5673828125 0.46484375 0.1044921875 0.1689453125
10 0.513671875 0.5830078125 0.0859375 0.130859375
1 0.3515625 0.7529296875 0.3505859375 0.3388671875
1 0.396484375 0.8017578125 0.4140625 0.2822265625
1 0.4140625 0.8369140625 0.416015625 0.2001953125