13 0.20703125 0.30078125 0.26171875 0.12109375
13 0.2490234375 0.4052734375 0.341796875 0.1015625
13 0.228515625 0.53515625 0.330078125 0.1015625
2 0.4658203125 0.2861328125 0.1123046875 0.21484375
2 0.5146484375 0.26953125 0.1015625 0.2265625
2 0.587890625 0.306640625 0.1171875 0.15234375
2 0.6298828125 0.251953125 0.154296875 0.2001953125
4 0.75390625 0.2412109375 0.3544921875 0.4599609375
5 0.564453125 0.4697265625 0.109375 0.0927734375
5 0.6748046875 0.470703125 0.1220703125 0.0849609375
5 0.515625 0.529296875 0.1162109375 0.0927734375
5 0.619140625 0.5517578125 0.119140625 0.0966796875
7 0.2958984375 0.728515625 0.5009765625 0.28515625
3 0.7724609375 0.7041015625 0.416015625 0.3720703125