8 0.30078125 0.34765625 0.458984375 0.4990234375
2 0.4345703125 0.5654296875 0.109375 0.2099609375
2 0.4716796875 0.5654296875 0.126953125 0.220703125
2 0.513671875 0.5546875 0.1435546875 0.2177734375
5 0.6845703125 0.5458984375 0.1162109375 0.0986328125
5 0.7841796875 0.560546875 0.1240234375 0.0966796875
5 0.6630859375 0.626953125 0.1201171875 0.0927734375
5 0.7783203125 0.640625 0.126953125 0.0830078125
11 0.736328125 0.341796875 0.453125 0.2421875
0 0.3330078125 0.75 0.2138671875 0.1259765625
0 0.390625 0.8525390625 0.23828125 0.1376953125
10 0.6767578125 0.8115234375 0.1728515625 0.125