8 0.291015625 0.3056640625 0.5390625 0.44921875
5 0.419921875 0.46875 0.107421875 0.1015625
5 0.5244140625 0.462890625 0.126953125 0.0908203125
5 0.5146484375 0.53515625 0.12890625 0.078125
5 0.404296875 0.560546875 0.115234375 0.099609375
11 0.728515625 0.3193359375 0.4560546875 0.23828125
10 0.6884765625 0.48046875 0.1455078125 0.125
10 0.8349609375 0.50390625 0.1767578125 0.10546875
10 0.8046875 0.6005859375 0.1474609375 0.1220703125
10 0.6806640625 0.5810546875 0.142578125 0.1025390625
2 0.6484375 0.72265625 0.2392578125 0.185546875
2 0.6044921875 0.7470703125 0.1943359375 0.1826171875
2 0.5634765625 0.783203125 0.154296875 0.1923828125
2 0.5048828125 0.7470703125 0.142578125 0.1533203125
0 0.3134765625 0.720703125 0.2021484375 0.146484375
0 0.2197265625 0.833984375 0.25390625 0.1376953125