4 0.2392578125 0.7197265625 0.416015625 0.498046875
8 0.314453125 0.25390625 0.5673828125 0.4853515625
11 0.7177734375 0.3037109375 0.5205078125 0.2861328125
5 0.4091796875 0.4580078125 0.13671875 0.119140625
5 0.521484375 0.4521484375 0.1376953125 0.107421875
5 0.5166015625 0.533203125 0.140625 0.1171875
5 0.3818359375 0.54296875 0.16015625 0.109375
10 0.6728515625 0.478515625 0.15234375 0.166015625
10 0.8291015625 0.51171875 0.1875 0.1396484375
10 0.7880859375 0.599609375 0.173828125 0.1650390625
10 0.673828125 0.5791015625 0.15234375 0.1201171875
4 0.21875 0.72265625 0.4111328125 0.5009765625
15 0.638671875 0.822265625 0.1669921875 0.1455078125
15 0.7431640625 0.759765625 0.19140625 0.158203125
2 0.4140625 0.7197265625 0.123046875 0.25390625
2 0.4765625 0.7236328125 0.1298828125 0.267578125
2 0.365234375 0.724609375 0.2158203125 0.2470703125
2 0.3984375 0.71875 0.1484375 0.2353515625