8 0.3212890625 0.279296875 0.5517578125 0.4150390625
12 0.76953125 0.2880859375 0.458984375 0.2998046875
5 0.5107421875 0.4140625 0.107421875 0.0966796875
5 0.6103515625 0.421875 0.08984375 0.095703125
5 0.396484375 0.552734375 0.1162109375 0.103515625
5 0.5263671875 0.5224609375 0.1279296875 0.0849609375
10 0.6884765625 0.4833984375 0.1396484375 0.12109375
10 0.830078125 0.505859375 0.166015625 0.103515625
10 0.6767578125 0.580078125 0.1337890625 0.08984375
10 0.796875 0.6015625 0.1328125 0.126953125
15 0.634765625 0.705078125 0.146484375 0.111328125
15 0.748046875 0.7578125 0.1474609375 0.1171875
15 0.6416015625 0.8203125 0.1298828125 0.1142578125
2 0.4921875 0.72265625 0.1201171875 0.2353515625
2 0.4326171875 0.7216796875 0.0966796875 0.2197265625
2 0.3896484375 0.681640625 0.1015625 0.140625
2 0.3662109375 0.744140625 0.1611328125 0.203125
4 0.2373046875 0.732421875 0.3369140625 0.4697265625