15 0.353515625 0.201171875 0.1689453125 0.13671875
15 0.244140625 0.26953125 0.1865234375 0.126953125
15 0.3623046875 0.314453125 0.189453125 0.130859375
10 0.197265625 0.474609375 0.1708984375 0.1455078125
10 0.314453125 0.482421875 0.197265625 0.1181640625
10 0.224609375 0.5791015625 0.201171875 0.1376953125
10 0.36328125 0.5771484375 0.166015625 0.154296875
4 0.748046875 0.294921875 0.40234375 0.5087890625
5 0.650390625 0.4619140625 0.142578125 0.1015625
5 0.52734375 0.5732421875 0.1494140625 0.1357421875
5 0.572265625 0.49609375 0.1611328125 0.115234375
5 0.6396484375 0.5693359375 0.1220703125 0.1103515625
12 0.27734375 0.7763671875 0.48046875 0.232421875
6 0.7265625 0.72265625 0.4541015625 0.3916015625