15 0.234375 0.2568359375 0.197265625 0.16015625
15 0.3359375 0.1904296875 0.177734375 0.1494140625
15 0.34765625 0.30859375 0.193359375 0.1572265625
2 0.5205078125 0.29296875 0.1728515625 0.2626953125
2 0.5654296875 0.2919921875 0.1435546875 0.240234375
2 0.5888671875 0.32421875 0.220703125 0.1923828125
2 0.615234375 0.2763671875 0.2265625 0.2099609375
4 0.755859375 0.2861328125 0.3740234375 0.484375
10 0.19140625 0.4765625 0.181640625 0.15625
10 0.30078125 0.4677734375 0.232421875 0.1533203125
10 0.20703125 0.5693359375 0.181640625 0.1376953125
10 0.345703125 0.552734375 0.1953125 0.2158203125
5 0.6630859375 0.4560546875 0.17578125 0.1015625
5 0.5498046875 0.4921875 0.1552734375 0.126953125
5 0.5361328125 0.5595703125 0.16015625 0.1171875
5 0.634765625 0.5634765625 0.158203125 0.142578125
12 0.279296875 0.76171875 0.5361328125 0.2705078125
3 0.748046875 0.7177734375 0.501953125 0.39453125