12 0.208984375 0.294921875 0.353515625 0.484375
4 0.26171875 0.7333984375 0.505859375 0.5322265625
2 0.369140625 0.7646484375 0.1875 0.2529296875
2 0.44140625 0.7490234375 0.19140625 0.265625
2 0.474609375 0.7509765625 0.2001953125 0.2958984375
15 0.666015625 0.8662109375 0.22265625 0.1748046875
15 0.751953125 0.783203125 0.24609375 0.1376953125
15 0.65234375 0.73046875 0.154296875 0.150390625
10 0.830078125 0.6259765625 0.228515625 0.1787109375
10 0.7099609375 0.6044921875 0.16796875 0.158203125
10 0.7216796875 0.5234375 0.2138671875 0.24609375
10 0.865234375 0.515625 0.2041015625 0.158203125
5 0.4013671875 0.4736328125 0.1708984375 0.1416015625
5 0.546875 0.48046875 0.1650390625 0.1494140625
5 0.4072265625 0.5703125 0.1796875 0.119140625
5 0.5302734375 0.5634765625 0.138671875 0.130859375
1 0.55859375 0.271484375 0.541015625 0.4365234375
1 0.6640625 0.3515625 0.517578125 0.23828125
1 0.662109375 0.3349609375 0.552734375 0.3125