13 0.2060546875 0.3017578125 0.2724609375 0.123046875
13 0.25 0.4072265625 0.3486328125 0.1015625
13 0.2197265625 0.5400390625 0.3359375 0.1044921875
2 0.474609375 0.2880859375 0.1171875 0.2216796875
2 0.5205078125 0.2734375 0.095703125 0.240234375
2 0.6025390625 0.3115234375 0.0986328125 0.16015625
2 0.6416015625 0.255859375 0.154296875 0.205078125
4 0.7734375 0.25 0.36328125 0.482421875
5 0.568359375 0.478515625 0.1083984375 0.095703125
5 0.6806640625 0.48046875 0.1318359375 0.0888671875
5 0.515625 0.54296875 0.12109375 0.0966796875
5 0.6220703125 0.5693359375 0.12109375 0.09765625
3 0.771484375 0.7275390625 0.443359375 0.388671875
7 0.28125 0.7451171875 0.5029296875 0.294921875