4 0.3896484375 0.255859375 0.666015625 0.2197265625
5 0.34375 0.4658203125 0.1162109375 0.1044921875
5 0.447265625 0.486328125 0.1162109375 0.1015625
5 0.271484375 0.533203125 0.134765625 0.08984375
5 0.3955078125 0.5556640625 0.119140625 0.08984375
10 0.134765625 0.6318359375 0.18359375 0.1181640625
10 0.2763671875 0.662109375 0.1494140625 0.1044921875
10 0.15234375 0.7509765625 0.1611328125 0.138671875
10 0.322265625 0.76953125 0.1728515625 0.1396484375
13 0.783203125 0.42578125 0.333984375 0.1064453125
13 0.7392578125 0.552734375 0.341796875 0.0966796875
13 0.771484375 0.654296875 0.2744140625 0.119140625