12 0.724609375 0.2109375 0.5078125 0.3515625
13 0.77734375 0.484375 0.3359375 0.109375
13 0.7392578125 0.6142578125 0.3505859375 0.1025390625
13 0.7578125 0.7236328125 0.3046875 0.123046875
5 0.333984375 0.474609375 0.1201171875 0.09765625
5 0.44140625 0.4951171875 0.1103515625 0.1025390625
5 0.400390625 0.5634765625 0.1220703125 0.08984375
5 0.27734375 0.5419921875 0.1337890625 0.0947265625
10 0.1337890625 0.6455078125 0.1806640625 0.1201171875
10 0.2822265625 0.669921875 0.1474609375 0.1044921875
10 0.15625 0.7626953125 0.1728515625 0.142578125
10 0.330078125 0.78515625 0.166015625 0.1474609375