15 0.2060546875 0.4482421875 0.1142578125 0.1484375
15 0.2998046875 0.4921875 0.103515625 0.162109375
15 0.14453125 0.5419921875 0.115234375 0.13671875
10 0.3837890625 0.4560546875 0.0908203125 0.173828125
10 0.447265625 0.345703125 0.1298828125 0.140625
10 0.5380859375 0.439453125 0.1025390625 0.166015625
10 0.4814453125 0.55078125 0.0859375 0.1328125
13 0.716796875 0.373046875 0.2041015625 0.158203125
13 0.7470703125 0.5146484375 0.255859375 0.1357421875
13 0.7060546875 0.6787109375 0.2509765625 0.1396484375
5 0.654296875 0.802734375 0.0830078125 0.123046875
5 0.748046875 0.7822265625 0.09765625 0.107421875
5 0.69921875 0.9208984375 0.0908203125 0.109375
5 0.611328125 0.875 0.080078125 0.1337890625
1 0.314453125 0.7216796875 0.353515625 0.3349609375
1 0.3623046875 0.755859375 0.419921875 0.2431640625
1 0.369140625 0.822265625 0.4130859375 0.1962890625