10 0.267578125 0.1865234375 0.1357421875 0.1591796875
10 0.3798828125 0.166015625 0.1083984375 0.1689453125
10 0.353515625 0.306640625 0.1025390625 0.1474609375
10 0.166015625 0.31640625 0.13671875 0.1552734375
15 0.2138671875 0.458984375 0.115234375 0.146484375
15 0.3193359375 0.4853515625 0.1201171875 0.1611328125
15 0.15234375 0.5537109375 0.1171875 0.138671875
13 0.7275390625 0.388671875 0.2138671875 0.1630859375
13 0.755859375 0.529296875 0.2646484375 0.130859375
13 0.7177734375 0.6962890625 0.259765625 0.15234375
1 0.3232421875 0.7421875 0.3701171875 0.3427734375
1 0.365234375 0.77734375 0.427734375 0.2568359375
1 0.376953125 0.83984375 0.43359375 0.201171875
5 0.474609375 0.333984375 0.09765625 0.1142578125
5 0.54296875 0.41015625 0.103515625 0.111328125
5 0.4638671875 0.4716796875 0.078125 0.142578125
5 0.5302734375 0.51953125 0.0849609375 0.134765625