4 0.2666015625 0.7431640625 0.431640625 0.513671875
15 0.6572265625 0.7255859375 0.19140625 0.1787109375
15 0.671875 0.8369140625 0.21875 0.1865234375
15 0.7509765625 0.77734375 0.2041015625 0.146484375
2 0.3935546875 0.759765625 0.2138671875 0.2333984375
2 0.4599609375 0.748046875 0.154296875 0.275390625
2 0.4951171875 0.73828125 0.1650390625 0.2587890625
5 0.4140625 0.4921875 0.14453125 0.1044921875
5 0.421875 0.5771484375 0.1435546875 0.12109375
5 0.529296875 0.5673828125 0.1484375 0.1123046875
5 0.552734375 0.4921875 0.1572265625 0.1103515625
10 0.6953125 0.6025390625 0.1904296875 0.1171875
10 0.810546875 0.6171875 0.142578125 0.1611328125
10 0.7060546875 0.5078125 0.1826171875 0.16015625
10 0.8408203125 0.5322265625 0.197265625 0.1474609375
1 0.6474609375 0.3740234375 0.498046875 0.236328125
1 0.6826171875 0.3271484375 0.5869140625 0.2236328125
1 0.5869140625 0.2958984375 0.5283203125 0.3408203125
12 0.2373046875 0.3056640625 0.3779296875 0.4296875