13 0.369140625 0.3017578125 0.1474609375 0.255859375
13 0.5322265625 0.263671875 0.13671875 0.2548828125
13 0.67578125 0.2900390625 0.162109375 0.2099609375
15 0.259765625 0.4970703125 0.16796875 0.12890625
15 0.4033203125 0.5068359375 0.1474609375 0.1064453125
15 0.2001953125 0.5908203125 0.1455078125 0.1083984375
15 0.333984375 0.62109375 0.15234375 0.1220703125
14 0.4248046875 0.744140625 0.3544921875 0.2001953125
1 0.6083984375 0.6513671875 0.1845703125 0.375
1 0.6611328125 0.64453125 0.267578125 0.4111328125
1 0.6728515625 0.7158203125 0.3056640625 0.29296875