0 0.3447265625 0.248046875 0.224609375 0.134765625
2 0.6728515625 0.3154296875 0.2041015625 0.1748046875
2 0.7265625 0.3134765625 0.1962890625 0.181640625
2 0.75390625 0.2880859375 0.197265625 0.205078125
12 0.556640625 0.4970703125 0.1513671875 0.1259765625
6 0.701171875 0.54296875 0.1064453125 0.0927734375
6 0.7939453125 0.5517578125 0.1201171875 0.091796875
6 0.791015625 0.62890625 0.123046875 0.0830078125
6 0.6806640625 0.6220703125 0.1171875 0.08203125
13 0.294921875 0.52734375 0.255859375 0.3388671875
11 0.5244140625 0.8232421875 0.671875 0.1884765625