12 0.259765625 0.1669921875 0.134765625 0.1640625
12 0.3740234375 0.1494140625 0.11328125 0.171875
12 0.158203125 0.296875 0.1474609375 0.15234375
12 0.3466796875 0.2919921875 0.1103515625 0.1533203125
6 0.46875 0.3232421875 0.10546875 0.1171875
6 0.53515625 0.4033203125 0.09765625 0.1162109375
6 0.4521484375 0.4619140625 0.078125 0.1357421875
6 0.5185546875 0.5087890625 0.0849609375 0.134765625
1 0.73046875 0.412109375 0.3095703125 0.4599609375
1 0.703125 0.52734375 0.236328125 0.5244140625
1 0.6865234375 0.56640625 0.2041015625 0.498046875
15 0.341796875 0.7724609375 0.1171875 0.2900390625
15 0.4443359375 0.744140625 0.0986328125 0.349609375
15 0.5751953125 0.791015625 0.115234375 0.3369140625
18 0.197265625 0.443359375 0.119140625 0.1611328125
18 0.3056640625 0.470703125 0.1279296875 0.1708984375
18 0.1357421875 0.5341796875 0.119140625 0.146484375