18 0.2314453125 0.2431640625 0.150390625 0.1279296875
18 0.33984375 0.1796875 0.1376953125 0.1142578125
18 0.3505859375 0.2978515625 0.1494140625 0.1103515625
2 0.505859375 0.28125 0.109375 0.2431640625
2 0.552734375 0.2822265625 0.095703125 0.232421875
2 0.6025390625 0.328125 0.1083984375 0.1416015625
2 0.62890625 0.26171875 0.15625 0.208984375
4 0.7529296875 0.27734375 0.3427734375 0.4873046875
6 0.587890625 0.4599609375 0.1162109375 0.09765625
6 0.5908203125 0.546875 0.1162109375 0.0947265625
6 0.4736328125 0.4716796875 0.1181640625 0.0908203125
6 0.453125 0.544921875 0.12109375 0.0908203125
12 0.1787109375 0.404296875 0.150390625 0.1259765625
12 0.2958984375 0.4267578125 0.146484375 0.08984375
12 0.14453125 0.5029296875 0.17578125 0.0986328125
12 0.2880859375 0.52734375 0.14453125 0.1240234375
1 0.33984375 0.666015625 0.455078125 0.2138671875
1 0.3134765625 0.7236328125 0.4892578125 0.1591796875
1 0.40625 0.751953125 0.4541015625 0.2744140625