18 0.2568359375 0.2509765625 0.1494140625 0.1279296875
18 0.3662109375 0.1884765625 0.134765625 0.1142578125
18 0.373046875 0.3076171875 0.1484375 0.1123046875
2 0.5234375 0.2939453125 0.1005859375 0.2392578125
2 0.576171875 0.291015625 0.08984375 0.23046875
2 0.65234375 0.2744140625 0.15625 0.2138671875
2 0.623046875 0.333984375 0.08984375 0.1455078125
4 0.7802734375 0.291015625 0.3369140625 0.494140625
6 0.603515625 0.470703125 0.11328125 0.0986328125
6 0.4853515625 0.4814453125 0.1162109375 0.08984375
6 0.4658203125 0.5546875 0.1162109375 0.09375
6 0.6064453125 0.5576171875 0.1201171875 0.09765625
12 0.1982421875 0.408203125 0.140625 0.126953125
12 0.3125 0.43359375 0.1435546875 0.09375
12 0.1591796875 0.505859375 0.1748046875 0.103515625
12 0.30078125 0.5341796875 0.14453125 0.1201171875
1 0.3564453125 0.6728515625 0.4443359375 0.21875
1 0.333984375 0.7294921875 0.5029296875 0.177734375
1 0.416015625 0.7626953125 0.4560546875 0.265625