11 0.2919921875 0.283203125 0.5302734375 0.4453125
6 0.4111328125 0.4462890625 0.0986328125 0.1025390625
6 0.515625 0.44140625 0.130859375 0.087890625
6 0.38671875 0.533203125 0.1181640625 0.09765625
6 0.5029296875 0.513671875 0.138671875 0.076171875
13 0.724609375 0.2978515625 0.451171875 0.2412109375
12 0.681640625 0.4619140625 0.140625 0.1240234375
12 0.828125 0.4814453125 0.1748046875 0.103515625
12 0.669921875 0.5576171875 0.1337890625 0.09765625
12 0.7939453125 0.580078125 0.150390625 0.1259765625
2 0.6318359375 0.701171875 0.2353515625 0.1943359375
2 0.5859375 0.7216796875 0.1962890625 0.1806640625
2 0.5439453125 0.759765625 0.1591796875 0.197265625
2 0.48828125 0.728515625 0.126953125 0.1552734375
3 0.23828125 0.7724609375 0.40234375 0.3603515625