4 0.7685546875 0.24609375 0.357421875 0.466796875
2 0.521484375 0.267578125 0.09765625 0.2333984375
2 0.4775390625 0.2861328125 0.109375 0.2109375
2 0.6015625 0.3095703125 0.09375 0.1630859375
2 0.6435546875 0.2509765625 0.154296875 0.2021484375
15 0.23046875 0.2998046875 0.30078125 0.119140625
15 0.26171875 0.3994140625 0.3369140625 0.1064453125
15 0.2392578125 0.5302734375 0.33984375 0.1044921875
6 0.5224609375 0.53125 0.1201171875 0.0927734375
6 0.5673828125 0.466796875 0.111328125 0.09375
6 0.6796875 0.46875 0.13671875 0.0888671875
6 0.626953125 0.5537109375 0.1123046875 0.1005859375
9 0.302734375 0.7255859375 0.49609375 0.279296875
3 0.7744140625 0.703125 0.42578125 0.375