4 0.2666015625 0.3701171875 0.4287109375 0.4404296875
6 0.3603515625 0.4755859375 0.109375 0.099609375
6 0.462890625 0.4892578125 0.115234375 0.0966796875
6 0.2998046875 0.54296875 0.1357421875 0.08984375
6 0.41796875 0.55859375 0.1220703125 0.0908203125
13 0.7294921875 0.2880859375 0.45703125 0.2666015625
15 0.783203125 0.4736328125 0.3349609375 0.107421875
15 0.7470703125 0.599609375 0.3408203125 0.103515625
15 0.7685546875 0.7021484375 0.3056640625 0.1123046875
18 0.2890625 0.6904296875 0.166015625 0.12109375
18 0.373046875 0.767578125 0.1435546875 0.115234375
18 0.2333984375 0.802734375 0.17578125 0.1279296875