15 0.212890625 0.3056640625 0.2744140625 0.1240234375
15 0.255859375 0.412109375 0.3427734375 0.10546875
15 0.2255859375 0.5439453125 0.337890625 0.10546875
9 0.2861328125 0.748046875 0.5107421875 0.30078125
2 0.4765625 0.2900390625 0.1123046875 0.2216796875
2 0.5234375 0.275390625 0.10546875 0.244140625
2 0.6083984375 0.3125 0.1015625 0.166015625
2 0.64453125 0.26171875 0.1533203125 0.2109375
4 0.78515625 0.25 0.369140625 0.48046875
6 0.5751953125 0.4814453125 0.11328125 0.0947265625
6 0.685546875 0.4873046875 0.1435546875 0.08984375
6 0.5205078125 0.544921875 0.1171875 0.1015625
6 0.62890625 0.5712890625 0.1181640625 0.1025390625
3 0.78125 0.7314453125 0.427734375 0.39453125