12 0.154296875 0.296875 0.1328125 0.158203125
12 0.263671875 0.1689453125 0.134765625 0.1650390625
12 0.376953125 0.1474609375 0.1103515625 0.1748046875
12 0.3466796875 0.291015625 0.1025390625 0.14453125
6 0.46875 0.3271484375 0.095703125 0.1181640625
6 0.54296875 0.4130859375 0.0908203125 0.107421875
6 0.458984375 0.466796875 0.076171875 0.1298828125
6 0.525390625 0.5185546875 0.087890625 0.1240234375
1 0.7177734375 0.5498046875 0.2197265625 0.5458984375
1 0.6845703125 0.578125 0.15625 0.490234375
1 0.7431640625 0.4208984375 0.29296875 0.4736328125
15 0.345703125 0.77734375 0.1142578125 0.279296875
15 0.447265625 0.748046875 0.0966796875 0.341796875
15 0.5791015625 0.80078125 0.11328125 0.326171875