4 0.23828125 0.3994140625 0.3544921875 0.4609375
6 0.283203125 0.5419921875 0.1337890625 0.0927734375
6 0.3427734375 0.47265625 0.126953125 0.099609375
6 0.443359375 0.48828125 0.1142578125 0.1005859375
6 0.4013671875 0.5556640625 0.1171875 0.0966796875
9 0.689453125 0.28515625 0.525390625 0.287109375
15 0.7587890625 0.478515625 0.3427734375 0.1064453125
15 0.7255859375 0.6044921875 0.349609375 0.099609375
15 0.759765625 0.7060546875 0.28515625 0.115234375
18 0.32421875 0.8505859375 0.154296875 0.111328125
18 0.357421875 0.7490234375 0.14453125 0.1083984375
18 0.216796875 0.779296875 0.1640625 0.1240234375
18 0.27734375 0.67578125 0.15625 0.1142578125