11 0.296875 0.345703125 0.455078125 0.4970703125
2 0.427734375 0.5634765625 0.10546875 0.2158203125
2 0.46875 0.5615234375 0.1220703125 0.2158203125
2 0.5087890625 0.552734375 0.1455078125 0.2236328125
13 0.7333984375 0.34375 0.45703125 0.240234375
6 0.6806640625 0.5458984375 0.103515625 0.0908203125
6 0.775390625 0.5615234375 0.1240234375 0.091796875
6 0.658203125 0.6259765625 0.1162109375 0.0859375
6 0.7685546875 0.6396484375 0.125 0.083984375
0 0.3271484375 0.7470703125 0.220703125 0.125
0 0.3876953125 0.8515625 0.2392578125 0.140625
12 0.6689453125 0.810546875 0.1708984375 0.1201171875