12 0.26953125 0.1875 0.12890625 0.15625
12 0.37890625 0.16796875 0.107421875 0.166015625
12 0.353515625 0.30859375 0.1015625 0.138671875
12 0.1669921875 0.3212890625 0.1318359375 0.1455078125
18 0.2158203125 0.458984375 0.1142578125 0.1474609375
18 0.3193359375 0.4853515625 0.1220703125 0.154296875
18 0.15234375 0.55078125 0.1142578125 0.1357421875
6 0.4765625 0.3349609375 0.0947265625 0.1171875
6 0.544921875 0.4091796875 0.1025390625 0.1103515625
6 0.4658203125 0.4677734375 0.0732421875 0.123046875
6 0.53125 0.517578125 0.08203125 0.125
15 0.724609375 0.388671875 0.2080078125 0.162109375
15 0.7568359375 0.5322265625 0.2607421875 0.134765625
15 0.7138671875 0.697265625 0.2490234375 0.1484375
1 0.3232421875 0.7333984375 0.353515625 0.30859375
1 0.376953125 0.7802734375 0.404296875 0.255859375
1 0.38671875 0.8447265625 0.396484375 0.2041015625