18 0.23828125 0.2421875 0.1796875 0.1650390625
18 0.34765625 0.1787109375 0.1904296875 0.138671875
18 0.3505859375 0.296875 0.185546875 0.13671875
2 0.513671875 0.2802734375 0.162109375 0.2626953125
2 0.578125 0.2705078125 0.171875 0.2763671875
2 0.615234375 0.2744140625 0.17578125 0.2802734375
2 0.619140625 0.251953125 0.2548828125 0.236328125
4 0.7578125 0.255859375 0.3955078125 0.484375
12 0.2099609375 0.4541015625 0.2197265625 0.173828125
12 0.20703125 0.5615234375 0.2802734375 0.1162109375
12 0.365234375 0.5595703125 0.1552734375 0.1748046875
12 0.326171875 0.4775390625 0.18359375 0.1298828125
6 0.662109375 0.455078125 0.1494140625 0.119140625
6 0.560546875 0.47265625 0.1728515625 0.119140625
6 0.5283203125 0.560546875 0.158203125 0.13671875
6 0.6259765625 0.5419921875 0.1552734375 0.1357421875
14 0.287109375 0.7421875 0.52734375 0.2626953125
3 0.7451171875 0.71484375 0.509765625 0.419921875