14 0.2099609375 0.2958984375 0.3603515625 0.4755859375
4 0.2421875 0.7509765625 0.4443359375 0.4970703125
2 0.38671875 0.78125 0.2099609375 0.267578125
2 0.443359375 0.759765625 0.21875 0.28515625
2 0.498046875 0.7578125 0.19921875 0.2939453125
18 0.673828125 0.857421875 0.1875 0.1533203125
18 0.787109375 0.7861328125 0.205078125 0.1708984375
18 0.669921875 0.736328125 0.216796875 0.1494140625
6 0.416015625 0.5791015625 0.166015625 0.1318359375
6 0.3984375 0.486328125 0.1650390625 0.1259765625
6 0.544921875 0.48828125 0.166015625 0.1240234375
6 0.5380859375 0.5517578125 0.1650390625 0.1162109375
12 0.7265625 0.517578125 0.193359375 0.205078125
12 0.861328125 0.525390625 0.2158203125 0.1650390625
12 0.83984375 0.6259765625 0.158203125 0.162109375
12 0.72265625 0.6083984375 0.21875 0.140625
1 0.6064453125 0.2939453125 0.5361328125 0.3203125
1 0.6796875 0.35546875 0.5244140625 0.2529296875
1 0.67578125 0.3134765625 0.5556640625 0.21875