12 0.25390625 0.1689453125 0.1298828125 0.162109375
12 0.3662109375 0.1513671875 0.1162109375 0.1728515625
12 0.3388671875 0.2880859375 0.1044921875 0.1435546875
12 0.1533203125 0.2978515625 0.1328125 0.1474609375
6 0.458984375 0.32421875 0.1005859375 0.115234375
6 0.5302734375 0.404296875 0.09765625 0.10546875
6 0.447265625 0.458984375 0.080078125 0.1318359375
6 0.51171875 0.509765625 0.083984375 0.125
18 0.2998046875 0.470703125 0.1259765625 0.16015625
18 0.1923828125 0.44140625 0.1123046875 0.1484375
18 0.1328125 0.533203125 0.1220703125 0.1357421875
15 0.3349609375 0.771484375 0.1171875 0.2744140625
15 0.4375 0.7431640625 0.091796875 0.3408203125
15 0.56640625 0.7890625 0.109375 0.3330078125
1 0.728515625 0.4970703125 0.302734375 0.6337890625
1 0.72265625 0.412109375 0.2880859375 0.4541015625
1 0.69140625 0.5302734375 0.2314453125 0.5205078125