15 0.2099609375 0.302734375 0.2802734375 0.123046875
15 0.25390625 0.41015625 0.333984375 0.1044921875
15 0.2314453125 0.53515625 0.337890625 0.1044921875
2 0.4990234375 0.2724609375 0.130859375 0.2392578125
2 0.5546875 0.2705078125 0.0986328125 0.2353515625
2 0.6005859375 0.3017578125 0.0703125 0.1708984375
2 0.6328125 0.2509765625 0.1552734375 0.2021484375
4 0.7568359375 0.2421875 0.35546875 0.4716796875
6 0.5498046875 0.4658203125 0.1025390625 0.0986328125
6 0.654296875 0.451171875 0.1328125 0.0810546875
6 0.4951171875 0.5322265625 0.1005859375 0.1015625
6 0.5908203125 0.5478515625 0.107421875 0.1005859375
3 0.740234375 0.685546875 0.4189453125 0.3720703125
14 0.2763671875 0.740234375 0.5 0.23046875