4 0.400390625 0.2685546875 0.658203125 0.21875
18 0.7958984375 0.1728515625 0.1396484375 0.12109375
18 0.8173828125 0.287109375 0.1572265625 0.1201171875
15 0.783203125 0.435546875 0.3251953125 0.109375
15 0.7353515625 0.560546875 0.341796875 0.099609375
15 0.76171875 0.6630859375 0.2802734375 0.115234375
6 0.3427734375 0.4765625 0.1083984375 0.1005859375
6 0.4453125 0.4970703125 0.1201171875 0.1015625
6 0.275390625 0.5419921875 0.1376953125 0.091796875
6 0.3994140625 0.564453125 0.1240234375 0.0947265625
12 0.13671875 0.6435546875 0.1767578125 0.1220703125
12 0.279296875 0.6689453125 0.15234375 0.1025390625
12 0.3271484375 0.7734375 0.1689453125 0.1259765625
12 0.1552734375 0.7548828125 0.1640625 0.1337890625