15 0.212890625 0.3134765625 0.2734375 0.11328125
15 0.2578125 0.4130859375 0.333984375 0.1015625
15 0.2314453125 0.5400390625 0.3203125 0.1015625
2 0.4638671875 0.2900390625 0.12109375 0.2060546875
2 0.5078125 0.2724609375 0.1083984375 0.2236328125
2 0.5830078125 0.3056640625 0.1083984375 0.15234375
2 0.6181640625 0.2490234375 0.15234375 0.1884765625
4 0.7421875 0.2421875 0.3525390625 0.4560546875
6 0.5458984375 0.46484375 0.09765625 0.0927734375
6 0.6484375 0.4453125 0.1298828125 0.0810546875
6 0.4912109375 0.529296875 0.09765625 0.0986328125
6 0.587890625 0.544921875 0.109375 0.0947265625
3 0.7412109375 0.681640625 0.412109375 0.3740234375
14 0.283203125 0.7373046875 0.4833984375 0.2294921875