15 0.234375 0.310546875 0.2685546875 0.1220703125
15 0.2724609375 0.4072265625 0.3212890625 0.099609375
15 0.25 0.53515625 0.3349609375 0.1015625
2 0.51953125 0.2861328125 0.1240234375 0.2294921875
2 0.572265625 0.2861328125 0.08984375 0.224609375
2 0.609375 0.333984375 0.0771484375 0.12890625
2 0.6484375 0.2626953125 0.142578125 0.2001953125
4 0.7763671875 0.2578125 0.3427734375 0.4677734375
6 0.66796875 0.4443359375 0.125 0.0810546875
6 0.6376953125 0.5458984375 0.103515625 0.095703125
6 0.5732421875 0.4765625 0.1142578125 0.0869140625
6 0.5390625 0.5458984375 0.1064453125 0.1025390625
14 0.2841796875 0.73828125 0.4814453125 0.2333984375
8 0.73046875 0.697265625 0.439453125 0.3798828125