15 0.216796875 0.28515625 0.2646484375 0.1181640625
15 0.259765625 0.3896484375 0.3291015625 0.091796875
15 0.2275390625 0.5146484375 0.3251953125 0.109375
2 0.47265625 0.2734375 0.109375 0.2119140625
2 0.5205078125 0.26171875 0.099609375 0.2314453125
2 0.5908203125 0.294921875 0.1064453125 0.15234375
2 0.634765625 0.240234375 0.1416015625 0.197265625
4 0.759765625 0.2373046875 0.3271484375 0.4619140625
6 0.6513671875 0.4384765625 0.1181640625 0.076171875
6 0.546875 0.4521484375 0.1005859375 0.09375
6 0.4853515625 0.515625 0.103515625 0.103515625
6 0.5859375 0.5341796875 0.1005859375 0.095703125
3 0.7294921875 0.67578125 0.416015625 0.3720703125
14 0.259765625 0.71875 0.484375 0.2197265625