15 0.2109375 0.3134765625 0.2880859375 0.1220703125
15 0.25390625 0.4189453125 0.337890625 0.099609375
15 0.224609375 0.548828125 0.3330078125 0.1025390625
13 0.2802734375 0.7177734375 0.447265625 0.1865234375
2 0.4765625 0.2978515625 0.115234375 0.2177734375
2 0.5263671875 0.283203125 0.1015625 0.2412109375
2 0.603515625 0.3232421875 0.10546875 0.1708984375
2 0.6474609375 0.265625 0.1494140625 0.212890625
4 0.7783203125 0.26171875 0.3544921875 0.484375
6 0.552734375 0.486328125 0.107421875 0.1005859375
6 0.6611328125 0.4716796875 0.138671875 0.0771484375
6 0.4931640625 0.5546875 0.109375 0.103515625
6 0.5947265625 0.5703125 0.1064453125 0.0986328125
3 0.7412109375 0.716796875 0.43359375 0.37890625