4 0.4052734375 0.2666015625 0.671875 0.2236328125
18 0.7998046875 0.169921875 0.150390625 0.1142578125
18 0.826171875 0.28125 0.15625 0.12109375
15 0.79296875 0.4326171875 0.3271484375 0.111328125
15 0.7470703125 0.5595703125 0.3447265625 0.103515625
15 0.78515625 0.662109375 0.2724609375 0.1201171875
6 0.2822265625 0.5458984375 0.1396484375 0.087890625
6 0.3505859375 0.4765625 0.111328125 0.09765625
6 0.4560546875 0.498046875 0.1142578125 0.0986328125
6 0.4111328125 0.564453125 0.123046875 0.09375
12 0.1474609375 0.642578125 0.177734375 0.1201171875
12 0.29296875 0.669921875 0.1533203125 0.107421875
12 0.337890625 0.7734375 0.1689453125 0.1318359375
12 0.169921875 0.7587890625 0.1630859375 0.13671875