18 0.798828125 0.1640625 0.1533203125 0.1220703125
18 0.82421875 0.2744140625 0.15625 0.1220703125
15 0.7890625 0.4248046875 0.337890625 0.1103515625
15 0.75390625 0.55078125 0.337890625 0.09375
15 0.771484375 0.646484375 0.2919921875 0.119140625
6 0.3583984375 0.466796875 0.1171875 0.1005859375
6 0.4580078125 0.4873046875 0.1201171875 0.099609375
6 0.291015625 0.533203125 0.138671875 0.087890625
6 0.4130859375 0.5537109375 0.1328125 0.0966796875
12 0.15625 0.62890625 0.181640625 0.1162109375
12 0.294921875 0.65625 0.1513671875 0.1064453125
12 0.3447265625 0.7568359375 0.1865234375 0.138671875
12 0.173828125 0.7451171875 0.1650390625 0.142578125