4 0.2421875 0.40234375 0.3720703125 0.466796875
6 0.3447265625 0.474609375 0.1083984375 0.1005859375
6 0.4453125 0.494140625 0.1162109375 0.10546875
6 0.4033203125 0.5576171875 0.1123046875 0.09375
6 0.2861328125 0.546875 0.1337890625 0.087890625
18 0.2802734375 0.6767578125 0.15625 0.1240234375
18 0.36328125 0.751953125 0.1376953125 0.1181640625
18 0.2216796875 0.779296875 0.1748046875 0.123046875
18 0.3232421875 0.8486328125 0.1552734375 0.1162109375
9 0.6923828125 0.2919921875 0.5126953125 0.28515625
15 0.7705078125 0.4814453125 0.337890625 0.1083984375
15 0.728515625 0.6064453125 0.3564453125 0.1025390625
15 0.7607421875 0.7080078125 0.279296875 0.1181640625