18 0.2353515625 0.2314453125 0.1416015625 0.1279296875
18 0.341796875 0.16796875 0.13671875 0.111328125
18 0.3486328125 0.2841796875 0.1396484375 0.1083984375
2 0.4951171875 0.271484375 0.1044921875 0.2265625
2 0.625 0.2490234375 0.16015625 0.201171875
2 0.5927734375 0.302734375 0.1025390625 0.1630859375
2 0.55078125 0.2626953125 0.099609375 0.232421875
4 0.75 0.263671875 0.3466796875 0.474609375
12 0.1806640625 0.38671875 0.140625 0.1298828125
12 0.2978515625 0.412109375 0.1337890625 0.099609375
12 0.2919921875 0.5078125 0.1484375 0.1201171875
12 0.1474609375 0.482421875 0.169921875 0.1005859375
6 0.46875 0.4521484375 0.1181640625 0.091796875
6 0.5859375 0.4423828125 0.1123046875 0.09375
6 0.587890625 0.529296875 0.12109375 0.0966796875
6 0.44921875 0.5234375 0.1220703125 0.0908203125
14 0.4345703125 0.7236328125 0.4921875 0.21484375