14 0.28125 0.6904296875 0.505859375 0.2919921875
3 0.7578125 0.650390625 0.4404296875 0.4296875
6 0.59765625 0.4970703125 0.1591796875 0.1435546875
6 0.4765625 0.5 0.154296875 0.119140625
6 0.484375 0.4306640625 0.1328125 0.1201171875
6 0.583984375 0.4091796875 0.1533203125 0.134765625
12 0.3076171875 0.48828125 0.16015625 0.142578125
12 0.1748046875 0.4677734375 0.1884765625 0.1142578125
12 0.201171875 0.365234375 0.169921875 0.1455078125
12 0.3203125 0.3857421875 0.16796875 0.1025390625
18 0.25390625 0.2177734375 0.2041015625 0.1474609375
18 0.3544921875 0.1474609375 0.16796875 0.1259765625
18 0.35546875 0.2607421875 0.18359375 0.134765625
2 0.5146484375 0.240234375 0.1416015625 0.240234375
2 0.564453125 0.234375 0.1337890625 0.2666015625
2 0.609375 0.236328125 0.142578125 0.25390625
2 0.625 0.2353515625 0.1982421875 0.2197265625
4 0.7724609375 0.2421875 0.4169921875 0.4765625