18 0.2373046875 0.2421875 0.1572265625 0.126953125
18 0.341796875 0.1748046875 0.1337890625 0.1162109375
18 0.3505859375 0.2958984375 0.1494140625 0.1103515625
2 0.505859375 0.2802734375 0.10546875 0.23828125
2 0.5556640625 0.27734375 0.0927734375 0.2236328125
2 0.634765625 0.259765625 0.146484375 0.205078125
2 0.6064453125 0.3203125 0.0888671875 0.14453125
4 0.7626953125 0.2763671875 0.3408203125 0.494140625
6 0.4736328125 0.46875 0.123046875 0.087890625
6 0.5849609375 0.4560546875 0.126953125 0.0927734375
6 0.4521484375 0.5400390625 0.1201171875 0.09375
6 0.591796875 0.544921875 0.1123046875 0.0947265625
12 0.1826171875 0.400390625 0.1484375 0.125
12 0.2998046875 0.423828125 0.138671875 0.09375
12 0.146484375 0.498046875 0.16796875 0.1015625
12 0.291015625 0.5234375 0.146484375 0.1220703125
1 0.3486328125 0.6611328125 0.451171875 0.2158203125
1 0.3212890625 0.716796875 0.5 0.16796875
1 0.4072265625 0.7490234375 0.4609375 0.2578125